              10    10.8333333333    11.6666666667             12.5    13.3333333333    14.1666666667               15    15.8333333333    16.6666666667             17.5    18.3333333333    19.1666666667               20
   10.8333333333    11.6666647639    12.4999963263    13.3333281348    14.1666603036    14.9999928987    15.8333259859    16.6666595654     17.499993637    18.3333281348     19.166662993    19.9999980972    20.8333333333
   11.6666666667    12.4999963263     13.333326232    14.1666566299    14.9999877002    15.8333196229     16.666652464    17.4999862896    18.3333210335    19.1666566299    19.9999928987    20.8333296596    21.6666666667
            12.5    13.3333281348    14.1666566299    14.9999857974    15.8333159492    16.6666472655    17.4999799265    18.3333139322    19.1666492825    19.9999857974    20.8333232966    21.6666614681             22.5
   13.3333333333    14.1666603036    14.9999877002    15.8333159492    16.6666453627    17.4999762528    18.3333087337    19.1666429195    19.9999786961    20.8333159492    21.6666543668     22.499993637    23.3333333333
   14.1666666667    14.9999928987    15.8333196229    16.6666472655    17.4999762528    18.3333068309    19.1666392458    19.9999734975    20.8333095862    21.6666472655    22.4999862896     23.333326232    24.1666666667
              15    15.8333259859     16.666652464    17.4999799265    18.3333087337    19.1666392458    19.9999715948    20.8333059125     21.666642067    22.4999799265    23.3333191307    24.1666593193               25
   15.8333333333    16.6666595654    17.4999862896    18.3333139322    19.1666429195    19.9999734975    20.8333059125    21.6666401642    22.4999762528    23.3333139322    24.1666529562    24.9999928987    25.8333333333
   16.6666666667     17.499993637    18.3333210335    19.1666492825    19.9999786961    20.8333095862     21.666642067    22.4999762528    23.3333120294    24.1666492825    24.9999877002    25.8333269703    26.6666666667
            17.5    18.3333281348    19.1666566299    19.9999857974    20.8333159492    21.6666472655    22.4999799265    23.3333139322    24.1666492825    24.9999857974    25.8333232966    26.6666614681             27.5
   18.3333333333     19.166662993    19.9999928987    20.8333232966    21.6666543668    22.4999862896    23.3333191307    24.1666529562    24.9999877002    25.8333232966    26.6666595654    27.4999963263    28.3333333333
   19.1666666667    19.9999980972    20.8333296596    21.6666614681     22.499993637     23.333326232    24.1666593193    24.9999928987    25.8333269703    26.6666614681    27.4999963263    28.3333314305    29.1666666667
              20    20.8333333333    21.6666666667             22.5    23.3333333333    24.1666666667               25    25.8333333333    26.6666666667             27.5    28.3333333333    29.1666666667               30
